The basis of element 0 :
0.985714 -74.4048 1607.14 -10416.7 
0.0571429 80.9524 -2678.57 20833.3 
-0.0857143 28.5714 -357.143 -3.0559e-10 
0.0571429 -52.381 2321.43 -20833.3 
-0.0142857 17.2619 -892.857 10416.7 

The basis of element 1 :
0.126984 -24.4709 744.048 -5787.04 
0.579365 3.90212 -773.81 8101.85 
0.412698 12.4339 -595.238 4629.63 
0.015873 8.99471 238.095 -4629.63 
-0.222222 1.45503 684.524 -8101.85 
0.0873016 -2.31481 -297.619 5787.04 

The basis of element 2 :
-0.0952381 -5.75397 357.143 -3472.22 
0.380952 -9.12698 -208.333 3472.22 
0.452381 -3.76984 -297.619 3472.22 
0.285714 4.7619 -119.048 -1.25056e-11 
0.047619 10.9127 119.048 -3472.22 
-0.0952381 9.12698 208.333 -3472.22 
0.0238095 -6.15079 -59.5238 3472.22 

The basis of element 3 :
-0.121212 1.26263 170.455 -2209.6 
0.181818 -8.63997 -32.4675 1578.28 
0.311688 -8.40548 -110.931 2209.6 
0.313853 -2.32684 -102.814 946.97 
0.233766 5.30303 -45.9957 -946.97 
0.116883 10.1912 21.645 -2209.6 
0.00865801 8.04473 62.2294 -1578.28 
-0.0454545 -5.42929 37.8788 2209.6 

The basis of element 4 :
-0.0909091 3.61953 75.7576 -1473.06 
0.0606061 -5.97643 18.9394 736.532 
0.168831 -8.1229 -21.645 1367.85 
0.233766 -5.30303 -45.9957 946.97 
0.255411 -5.10063e-15 -54.1126 1.99563e-12 
0.233766 5.30303 -45.9957 -946.97 
0.168831 8.1229 -21.645 -1367.85 
0.0606061 5.97643 18.9394 -736.532 
-0.0909091 -3.61953 75.7576 1473.06 

The basis of element 5 :
-0.0909091 3.61953 75.7576 -1473.06 
0.0606061 -5.97643 18.9394 736.532 
0.168831 -8.1229 -21.645 1367.85 
0.233766 -5.30303 -45.9957 946.97 
0.255411 1.10162e-14 -54.1126 -2.00593e-12 
0.233766 5.30303 -45.9957 -946.97 
0.168831 8.1229 -21.645 -1367.85 
0.0606061 5.97643 18.9394 -736.532 
-0.0909091 -3.61953 75.7576 1473.06 

The basis of element 6 :
-0.0909091 3.61953 75.7576 -1473.06 
0.0606061 -5.97643 18.9394 736.532 
0.168831 -8.1229 -21.645 1367.85 
0.233766 -5.30303 -45.9957 946.97 
0.255411 0 -54.1126 0 
0.233766 5.30303 -45.9957 -946.97 
0.168831 8.1229 -21.645 -1367.85 
0.0606061 5.97643 18.9394 -736.532 
-0.0909091 -3.61953 75.7576 1473.06 

The basis of element 7 :
-0.0909091 3.61953 75.7576 -1473.06 
0.0606061 -5.97643 18.9394 736.532 
0.168831 -8.1229 -21.645 1367.85 
0.233766 -5.30303 -45.9957 946.97 
0.255411 -9.83066e-15 -54.1126 1.75475e-12 
0.233766 5.30303 -45.9957 -946.97 
0.168831 8.1229 -21.645 -1367.85 
0.0606061 5.97643 18.9394 -736.532 
-0.0909091 -3.61953 75.7576 1473.06 

The basis of element 8 :
-0.0909091 3.61953 75.7576 -1473.06 
0.0606061 -5.97643 18.9394 736.532 
0.168831 -8.1229 -21.645 1367.85 
0.233766 -5.30303 -45.9957 946.97 
0.255411 5.10063e-15 -54.1126 -1.99563e-12 
0.233766 5.30303 -45.9957 -946.97 
0.168831 8.1229 -21.645 -1367.85 
0.0606061 5.97643 18.9394 -736.532 
-0.0909091 -3.61953 75.7576 1473.06 

The basis of element 9 :
-0.0909091 3.61953 75.7576 -1473.06 
0.0606061 -5.97643 18.9394 736.532 
0.168831 -8.1229 -21.645 1367.85 
0.233766 -5.30303 -45.9957 946.97 
0.255411 -5.10063e-15 -54.1126 1.99563e-12 
0.233766 5.30303 -45.9957 -946.97 
0.168831 8.1229 -21.645 -1367.85 
0.0606061 5.97643 18.9394 -736.532 
-0.0909091 -3.61953 75.7576 1473.06 

The basis of element 10 :
-0.0909091 3.61953 75.7576 -1473.06 
0.0606061 -5.97643 18.9394 736.532 
0.168831 -8.1229 -21.645 1367.85 
0.233766 -5.30303 -45.9957 946.97 
0.255411 -1.04713e-16 -54.1126 1.1357e-12 
0.233766 5.30303 -45.9957 -946.97 
0.168831 8.1229 -21.645 -1367.85 
0.0606061 5.97643 18.9394 -736.532 
-0.0909091 -3.61953 75.7576 1473.06 

The basis of element 11 :
-0.0909091 3.61953 75.7576 -1473.06 
0.0606061 -5.97643 18.9394 736.532 
0.168831 -8.1229 -21.645 1367.85 
0.233766 -5.30303 -45.9957 946.97 
0.255411 -5.17597e-15 -54.1126 2.20149e-12 
0.233766 5.30303 -45.9957 -946.97 
0.168831 8.1229 -21.645 -1367.85 
0.0606061 5.97643 18.9394 -736.532 
-0.0909091 -3.61953 75.7576 1473.06 

The basis of element 12 :
-0.0909091 3.61953 75.7576 -1473.06 
0.0606061 -5.97643 18.9394 736.532 
0.168831 -8.1229 -21.645 1367.85 
0.233766 -5.30303 -45.9957 946.97 
0.255411 -9.93538e-15 -54.1126 2.89045e-12 
0.233766 5.30303 -45.9957 -946.97 
0.168831 8.1229 -21.645 -1367.85 
0.0606061 5.97643 18.9394 -736.532 
-0.0909091 -3.61953 75.7576 1473.06 

The basis of element 13 :
-0.0909091 3.61953 75.7576 -1473.06 
0.0606061 -5.97643 18.9394 736.532 
0.168831 -8.1229 -21.645 1367.85 
0.233766 -5.30303 -45.9957 946.97 
0.255411 0 -54.1126 0 
0.233766 5.30303 -45.9957 -946.97 
0.168831 8.1229 -21.645 -1367.85 
0.0606061 5.97643 18.9394 -736.532 
-0.0909091 -3.61953 75.7576 1473.06 

The basis of element 14 :
-0.0909091 3.61953 75.7576 -1473.06 
0.0606061 -5.97643 18.9394 736.532 
0.168831 -8.1229 -21.645 1367.85 
0.233766 -5.30303 -45.9957 946.97 
0.255411 1.1121e-14 -54.1126 -3.14164e-12 
0.233766 5.30303 -45.9957 -946.97 
0.168831 8.1229 -21.645 -1367.85 
0.0606061 5.97643 18.9394 -736.532 
-0.0909091 -3.61953 75.7576 1473.06 

The basis of element 15 :
-0.0909091 3.61953 75.7576 -1473.06 
0.0606061 -5.97643 18.9394 736.532 
0.168831 -8.1229 -21.645 1367.85 
0.233766 -5.30303 -45.9957 946.97 
0.255411 5.17597e-15 -54.1126 -2.20149e-12 
0.233766 5.30303 -45.9957 -946.97 
0.168831 8.1229 -21.645 -1367.85 
0.0606061 5.97643 18.9394 -736.532 
-0.0909091 -3.61953 75.7576 1473.06 

The basis of element 16 :
-0.0909091 3.61953 75.7576 -1473.06 
0.0606061 -5.97643 18.9394 736.532 
0.168831 -8.1229 -21.645 1367.85 
0.233766 -5.30303 -45.9957 946.97 
0.255411 1.04713e-16 -54.1126 -1.1357e-12 
0.233766 5.30303 -45.9957 -946.97 
0.168831 8.1229 -21.645 -1367.85 
0.0606061 5.97643 18.9394 -736.532 
-0.0909091 -3.61953 75.7576 1473.06 

The basis of element 17 :
-0.0909091 3.61953 75.7576 -1473.06 
0.0606061 -5.97643 18.9394 736.532 
0.168831 -8.1229 -21.645 1367.85 
0.233766 -5.30303 -45.9957 946.97 
0.255411 1.6713e-14 -54.1126 -5.18959e-12 
0.233766 5.30303 -45.9957 -946.97 
0.168831 8.1229 -21.645 -1367.85 
0.0606061 5.97643 18.9394 -736.532 
-0.0909091 -3.61953 75.7576 1473.06 

The basis of element 18 :
-0.0909091 3.61953 75.7576 -1473.06 
0.0606061 -5.97643 18.9394 736.532 
0.168831 -8.1229 -21.645 1367.85 
0.233766 -5.30303 -45.9957 946.97 
0.255411 7.53318e-17 -54.1126 -2.05855e-13 
0.233766 5.30303 -45.9957 -946.97 
0.168831 8.1229 -21.645 -1367.85 
0.0606061 5.97643 18.9394 -736.532 
-0.0909091 -3.61953 75.7576 1473.06 

The basis of element 19 :
-0.0909091 3.61953 75.7576 -1473.06 
0.0606061 -5.97643 18.9394 736.532 
0.168831 -8.1229 -21.645 1367.85 
0.233766 -5.30303 -45.9957 946.97 
0.255411 0 -54.1126 0 
0.233766 5.30303 -45.9957 -946.97 
0.168831 8.1229 -21.645 -1367.85 
0.0606061 5.97643 18.9394 -736.532 
-0.0909091 -3.61953 75.7576 1473.06 

The basis of element 20 :
-0.0909091 3.61953 75.7576 -1473.06 
0.0606061 -5.97643 18.9394 736.532 
0.168831 -8.1229 -21.645 1367.85 
0.233766 -5.30303 -45.9957 946.97 
0.255411 -7.53318e-17 -54.1126 2.05855e-13 
0.233766 5.30303 -45.9957 -946.97 
0.168831 8.1229 -21.645 -1367.85 
0.0606061 5.97643 18.9394 -736.532 
-0.0909091 -3.61953 75.7576 1473.06 

The basis of element 21 :
-0.0909091 3.61953 75.7576 -1473.06 
0.0606061 -5.97643 18.9394 736.532 
0.168831 -8.1229 -21.645 1367.85 
0.233766 -5.30303 -45.9957 946.97 
0.255411 -1.6713e-14 -54.1126 5.18959e-12 
0.233766 5.30303 -45.9957 -946.97 
0.168831 8.1229 -21.645 -1367.85 
0.0606061 5.97643 18.9394 -736.532 
-0.0909091 -3.61953 75.7576 1473.06 

The basis of element 22 :
-0.0909091 3.61953 75.7576 -1473.06 
0.0606061 -5.97643 18.9394 736.532 
0.168831 -8.1229 -21.645 1367.85 
0.233766 -5.30303 -45.9957 946.97 
0.255411 -1.04713e-16 -54.1126 1.1357e-12 
0.233766 5.30303 -45.9957 -946.97 
0.168831 8.1229 -21.645 -1367.85 
0.0606061 5.97643 18.9394 -736.532 
-0.0909091 -3.61953 75.7576 1473.06 

The basis of element 23 :
-0.0909091 3.61953 75.7576 -1473.06 
0.0606061 -5.97643 18.9394 736.532 
0.168831 -8.1229 -21.645 1367.85 
0.233766 -5.30303 -45.9957 946.97 
0.255411 -5.17597e-15 -54.1126 2.20149e-12 
0.233766 5.30303 -45.9957 -946.97 
0.168831 8.1229 -21.645 -1367.85 
0.0606061 5.97643 18.9394 -736.532 
-0.0909091 -3.61953 75.7576 1473.06 

The basis of element 24 :
-0.0909091 3.61953 75.7576 -1473.06 
0.0606061 -5.97643 18.9394 736.532 
0.168831 -8.1229 -21.645 1367.85 
0.233766 -5.30303 -45.9957 946.97 
0.255411 -9.93538e-15 -54.1126 2.89045e-12 
0.233766 5.30303 -45.9957 -946.97 
0.168831 8.1229 -21.645 -1367.85 
0.0606061 5.97643 18.9394 -736.532 
-0.0909091 -3.61953 75.7576 1473.06 

The basis of element 25 :
-0.0909091 3.61953 75.7576 -1473.06 
0.0606061 -5.97643 18.9394 736.532 
0.168831 -8.1229 -21.645 1367.85 
0.233766 -5.30303 -45.9957 946.97 
0.255411 1.1121e-14 -54.1126 -3.14164e-12 
0.233766 5.30303 -45.9957 -946.97 
0.168831 8.1229 -21.645 -1367.85 
0.0606061 5.97643 18.9394 -736.532 
-0.0909091 -3.61953 75.7576 1473.06 

The basis of element 26 :
-0.0909091 3.61953 75.7576 -1473.06 
0.0606061 -5.97643 18.9394 736.532 
0.168831 -8.1229 -21.645 1367.85 
0.233766 -5.30303 -45.9957 946.97 
0.255411 5.17597e-15 -54.1126 -2.20149e-12 
0.233766 5.30303 -45.9957 -946.97 
0.168831 8.1229 -21.645 -1367.85 
0.0606061 5.97643 18.9394 -736.532 
-0.0909091 -3.61953 75.7576 1473.06 

The basis of element 27 :
-0.0909091 3.61953 75.7576 -1473.06 
0.0606061 -5.97643 18.9394 736.532 
0.168831 -8.1229 -21.645 1367.85 
0.233766 -5.30303 -45.9957 946.97 
0.255411 1.04713e-16 -54.1126 -1.1357e-12 
0.233766 5.30303 -45.9957 -946.97 
0.168831 8.1229 -21.645 -1367.85 
0.0606061 5.97643 18.9394 -736.532 
-0.0909091 -3.61953 75.7576 1473.06 

The basis of element 28 :
-0.0909091 3.61953 75.7576 -1473.06 
0.0606061 -5.97643 18.9394 736.532 
0.168831 -8.1229 -21.645 1367.85 
0.233766 -5.30303 -45.9957 946.97 
0.255411 5.10063e-15 -54.1126 -1.99563e-12 
0.233766 5.30303 -45.9957 -946.97 
0.168831 8.1229 -21.645 -1367.85 
0.0606061 5.97643 18.9394 -736.532 
-0.0909091 -3.61953 75.7576 1473.06 

The basis of element 29 :
-0.0909091 3.61953 75.7576 -1473.06 
0.0606061 -5.97643 18.9394 736.532 
0.168831 -8.1229 -21.645 1367.85 
0.233766 -5.30303 -45.9957 946.97 
0.255411 -5.10063e-15 -54.1126 1.99563e-12 
0.233766 5.30303 -45.9957 -946.97 
0.168831 8.1229 -21.645 -1367.85 
0.0606061 5.97643 18.9394 -736.532 
-0.0909091 -3.61953 75.7576 1473.06 

The basis of element 30 :
-0.0909091 3.61953 75.7576 -1473.06 
0.0606061 -5.97643 18.9394 736.532 
0.168831 -8.1229 -21.645 1367.85 
0.233766 -5.30303 -45.9957 946.97 
0.255411 -1.04713e-16 -54.1126 1.1357e-12 
0.233766 5.30303 -45.9957 -946.97 
0.168831 8.1229 -21.645 -1367.85 
0.0606061 5.97643 18.9394 -736.532 
-0.0909091 -3.61953 75.7576 1473.06 

The basis of element 31 :
-0.0909091 3.61953 75.7576 -1473.06 
0.0606061 -5.97643 18.9394 736.532 
0.168831 -8.1229 -21.645 1367.85 
0.233766 -5.30303 -45.9957 946.97 
0.255411 5.94499e-15 -54.1126 -9.40152e-13 
0.233766 5.30303 -45.9957 -946.97 
0.168831 8.1229 -21.645 -1367.85 
0.0606061 5.97643 18.9394 -736.532 
-0.0909091 -3.61953 75.7576 1473.06 

The basis of element 32 :
-0.0909091 3.61953 75.7576 -1473.06 
0.0606061 -5.97643 18.9394 736.532 
0.168831 -8.1229 -21.645 1367.85 
0.233766 -5.30303 -45.9957 946.97 
0.255411 -4.75941e-15 -54.1126 6.88968e-13 
0.233766 5.30303 -45.9957 -946.97 
0.168831 8.1229 -21.645 -1367.85 
0.0606061 5.97643 18.9394 -736.532 
-0.0909091 -3.61953 75.7576 1473.06 

The basis of element 33 :
-0.0909091 3.61953 75.7576 -1473.06 
0.0606061 -5.97643 18.9394 736.532 
0.168831 -8.1229 -21.645 1367.85 
0.233766 -5.30303 -45.9957 946.97 
0.255411 1.04713e-16 -54.1126 -1.1357e-12 
0.233766 5.30303 -45.9957 -946.97 
0.168831 8.1229 -21.645 -1367.85 
0.0606061 5.97643 18.9394 -736.532 
-0.0909091 -3.61953 75.7576 1473.06 

The basis of element 34 :
-0.0909091 3.61953 75.7576 -1473.06 
0.0606061 -5.97643 18.9394 736.532 
0.168831 -8.1229 -21.645 1367.85 
0.233766 -5.30303 -45.9957 946.97 
0.255411 5.10063e-15 -54.1126 -1.99563e-12 
0.233766 5.30303 -45.9957 -946.97 
0.168831 8.1229 -21.645 -1367.85 
0.0606061 5.97643 18.9394 -736.532 
-0.0909091 -3.61953 75.7576 1473.06 

The basis of element 35 :
-0.0909091 3.61953 75.7576 -1473.06 
0.0606061 -5.97643 18.9394 736.532 
0.168831 -8.1229 -21.645 1367.85 
0.233766 -5.30303 -45.9957 946.97 
0.255411 -5.10063e-15 -54.1126 1.99563e-12 
0.233766 5.30303 -45.9957 -946.97 
0.168831 8.1229 -21.645 -1367.85 
0.0606061 5.97643 18.9394 -736.532 
-0.0909091 -3.61953 75.7576 1473.06 

The basis of element 36 :
-0.0909091 3.61953 75.7576 -1473.06 
0.0606061 -5.97643 18.9394 736.532 
0.168831 -8.1229 -21.645 1367.85 
0.233766 -5.30303 -45.9957 946.97 
0.255411 -1.04713e-16 -54.1126 1.1357e-12 
0.233766 5.30303 -45.9957 -946.97 
0.168831 8.1229 -21.645 -1367.85 
0.0606061 5.97643 18.9394 -736.532 
-0.0909091 -3.61953 75.7576 1473.06 

The basis of element 37 :
-0.0909091 3.61953 75.7576 -1473.06 
0.0606061 -5.97643 18.9394 736.532 
0.168831 -8.1229 -21.645 1367.85 
0.233766 -5.30303 -45.9957 946.97 
0.255411 5.94499e-15 -54.1126 -9.40152e-13 
0.233766 5.30303 -45.9957 -946.97 
0.168831 8.1229 -21.645 -1367.85 
0.0606061 5.97643 18.9394 -736.532 
-0.0909091 -3.61953 75.7576 1473.06 

The basis of element 38 :
-0.0909091 3.61953 75.7576 -1473.06 
0.0606061 -5.97643 18.9394 736.532 
0.168831 -8.1229 -21.645 1367.85 
0.233766 -5.30303 -45.9957 946.97 
0.255411 -4.75941e-15 -54.1126 6.88968e-13 
0.233766 5.30303 -45.9957 -946.97 
0.168831 8.1229 -21.645 -1367.85 
0.0606061 5.97643 18.9394 -736.532 
-0.0909091 -3.61953 75.7576 1473.06 

The basis of element 39 :
-0.0909091 3.61953 75.7576 -1473.06 
0.0606061 -5.97643 18.9394 736.532 
0.168831 -8.1229 -21.645 1367.85 
0.233766 -5.30303 -45.9957 946.97 
0.255411 1.04713e-16 -54.1126 -1.1357e-12 
0.233766 5.30303 -45.9957 -946.97 
0.168831 8.1229 -21.645 -1367.85 
0.0606061 5.97643 18.9394 -736.532 
-0.0909091 -3.61953 75.7576 1473.06 

The basis of element 40 :
-0.0909091 3.61953 75.7576 -1473.06 
0.0606061 -5.97643 18.9394 736.532 
0.168831 -8.1229 -21.645 1367.85 
0.233766 -5.30303 -45.9957 946.97 
0.255411 5.10063e-15 -54.1126 -1.99563e-12 
0.233766 5.30303 -45.9957 -946.97 
0.168831 8.1229 -21.645 -1367.85 
0.0606061 5.97643 18.9394 -736.532 
-0.0909091 -3.61953 75.7576 1473.06 

The basis of element 41 :
-0.0909091 3.61953 75.7576 -1473.06 
0.0606061 -5.97643 18.9394 736.532 
0.168831 -8.1229 -21.645 1367.85 
0.233766 -5.30303 -45.9957 946.97 
0.255411 -5.10063e-15 -54.1126 1.99563e-12 
0.233766 5.30303 -45.9957 -946.97 
0.168831 8.1229 -21.645 -1367.85 
0.0606061 5.97643 18.9394 -736.532 
-0.0909091 -3.61953 75.7576 1473.06 

The basis of element 42 :
-0.0909091 3.61953 75.7576 -1473.06 
0.0606061 -5.97643 18.9394 736.532 
0.168831 -8.1229 -21.645 1367.85 
0.233766 -5.30303 -45.9957 946.97 
0.255411 -1.04713e-16 -54.1126 1.1357e-12 
0.233766 5.30303 -45.9957 -946.97 
0.168831 8.1229 -21.645 -1367.85 
0.0606061 5.97643 18.9394 -736.532 
-0.0909091 -3.61953 75.7576 1473.06 

The basis of element 43 :
-0.0909091 3.61953 75.7576 -1473.06 
0.0606061 -5.97643 18.9394 736.532 
0.168831 -8.1229 -21.645 1367.85 
0.233766 -5.30303 -45.9957 946.97 
0.255411 5.94499e-15 -54.1126 -9.40152e-13 
0.233766 5.30303 -45.9957 -946.97 
0.168831 8.1229 -21.645 -1367.85 
0.0606061 5.97643 18.9394 -736.532 
-0.0909091 -3.61953 75.7576 1473.06 

The basis of element 44 :
-0.0909091 3.61953 75.7576 -1473.06 
0.0606061 -5.97643 18.9394 736.532 
0.168831 -8.1229 -21.645 1367.85 
0.233766 -5.30303 -45.9957 946.97 
0.255411 -4.75941e-15 -54.1126 6.88968e-13 
0.233766 5.30303 -45.9957 -946.97 
0.168831 8.1229 -21.645 -1367.85 
0.0606061 5.97643 18.9394 -736.532 
-0.0909091 -3.61953 75.7576 1473.06 

The basis of element 45 :
-0.0909091 3.61953 75.7576 -1473.06 
0.0606061 -5.97643 18.9394 736.532 
0.168831 -8.1229 -21.645 1367.85 
0.233766 -5.30303 -45.9957 946.97 
0.255411 1.04713e-16 -54.1126 -1.1357e-12 
0.233766 5.30303 -45.9957 -946.97 
0.168831 8.1229 -21.645 -1367.85 
0.0606061 5.97643 18.9394 -736.532 
-0.0909091 -3.61953 75.7576 1473.06 

The basis of element 46 :
-0.0909091 3.61953 75.7576 -1473.06 
0.0606061 -5.97643 18.9394 736.532 
0.168831 -8.1229 -21.645 1367.85 
0.233766 -5.30303 -45.9957 946.97 
0.255411 5.10063e-15 -54.1126 -1.99563e-12 
0.233766 5.30303 -45.9957 -946.97 
0.168831 8.1229 -21.645 -1367.85 
0.0606061 5.97643 18.9394 -736.532 
-0.0909091 -3.61953 75.7576 1473.06 

The basis of element 47 :
-0.0909091 3.61953 75.7576 -1473.06 
0.0606061 -5.97643 18.9394 736.532 
0.168831 -8.1229 -21.645 1367.85 
0.233766 -5.30303 -45.9957 946.97 
0.255411 -5.10063e-15 -54.1126 1.99563e-12 
0.233766 5.30303 -45.9957 -946.97 
0.168831 8.1229 -21.645 -1367.85 
0.0606061 5.97643 18.9394 -736.532 
-0.0909091 -3.61953 75.7576 1473.06 

The basis of element 48 :
-0.0909091 3.61953 75.7576 -1473.06 
0.0606061 -5.97643 18.9394 736.532 
0.168831 -8.1229 -21.645 1367.85 
0.233766 -5.30303 -45.9957 946.97 
0.255411 -1.04713e-16 -54.1126 1.1357e-12 
0.233766 5.30303 -45.9957 -946.97 
0.168831 8.1229 -21.645 -1367.85 
0.0606061 5.97643 18.9394 -736.532 
-0.0909091 -3.61953 75.7576 1473.06 

The basis of element 49 :
-0.0909091 3.61953 75.7576 -1473.06 
0.0606061 -5.97643 18.9394 736.532 
0.168831 -8.1229 -21.645 1367.85 
0.233766 -5.30303 -45.9957 946.97 
0.255411 -5.17597e-15 -54.1126 2.20149e-12 
0.233766 5.30303 -45.9957 -946.97 
0.168831 8.1229 -21.645 -1367.85 
0.0606061 5.97643 18.9394 -736.532 
-0.0909091 -3.61953 75.7576 1473.06 

The basis of element 50 :
-0.0909091 3.61953 75.7576 -1473.06 
0.0606061 -5.97643 18.9394 736.532 
0.168831 -8.1229 -21.645 1367.85 
0.233766 -5.30303 -45.9957 946.97 
0.255411 -9.93538e-15 -54.1126 2.89045e-12 
0.233766 5.30303 -45.9957 -946.97 
0.168831 8.1229 -21.645 -1367.85 
0.0606061 5.97643 18.9394 -736.532 
-0.0909091 -3.61953 75.7576 1473.06 

The basis of element 51 :
-0.0909091 3.61953 75.7576 -1473.06 
0.0606061 -5.97643 18.9394 736.532 
0.168831 -8.1229 -21.645 1367.85 
0.233766 -5.30303 -45.9957 946.97 
0.255411 0 -54.1126 0 
0.233766 5.30303 -45.9957 -946.97 
0.168831 8.1229 -21.645 -1367.85 
0.0606061 5.97643 18.9394 -736.532 
-0.0909091 -3.61953 75.7576 1473.06 

The basis of element 52 :
-0.0909091 3.61953 75.7576 -1473.06 
0.0606061 -5.97643 18.9394 736.532 
0.168831 -8.1229 -21.645 1367.85 
0.233766 -5.30303 -45.9957 946.97 
0.255411 0 -54.1126 0 
0.233766 5.30303 -45.9957 -946.97 
0.168831 8.1229 -21.645 -1367.85 
0.0606061 5.97643 18.9394 -736.532 
-0.0909091 -3.61953 75.7576 1473.06 

The basis of element 53 :
-0.0909091 3.61953 75.7576 -1473.06 
0.0606061 -5.97643 18.9394 736.532 
0.168831 -8.1229 -21.645 1367.85 
0.233766 -5.30303 -45.9957 946.97 
0.255411 2.27334e-14 -54.1126 -6.3356e-12 
0.233766 5.30303 -45.9957 -946.97 
0.168831 8.1229 -21.645 -1367.85 
0.0606061 5.97643 18.9394 -736.532 
-0.0909091 -3.61953 75.7576 1473.06 

The basis of element 54 :
-0.0909091 3.61953 75.7576 -1473.06 
0.0606061 -5.97643 18.9394 736.532 
0.168831 -8.1229 -21.645 1367.85 
0.233766 -5.30303 -45.9957 946.97 
0.255411 1.08434e-14 -54.1126 -4.4553e-12 
0.233766 5.30303 -45.9957 -946.97 
0.168831 8.1229 -21.645 -1367.85 
0.0606061 5.97643 18.9394 -736.532 
-0.0909091 -3.61953 75.7576 1473.06 

The basis of element 55 :
-0.0909091 3.61953 75.7576 -1473.06 
0.0606061 -5.97643 18.9394 736.532 
0.168831 -8.1229 -21.645 1367.85 
0.233766 -5.30303 -45.9957 946.97 
0.255411 3.07203e-15 -54.1126 -2.8261e-12 
0.233766 5.30303 -45.9957 -946.97 
0.168831 8.1229 -21.645 -1367.85 
0.0606061 5.97643 18.9394 -736.532 
-0.0909091 -3.61953 75.7576 1473.06 

The basis of element 56 :
-0.0909091 3.61953 75.7576 -1473.06 
0.0606061 -5.97643 18.9394 736.532 
0.168831 -8.1229 -21.645 1367.85 
0.233766 -5.30303 -45.9957 946.97 
0.255411 1.30639e-14 -54.1126 -4.54595e-12 
0.233766 5.30303 -45.9957 -946.97 
0.168831 8.1229 -21.645 -1367.85 
0.0606061 5.97643 18.9394 -736.532 
-0.0909091 -3.61953 75.7576 1473.06 

The basis of element 57 :
-0.0909091 3.61953 75.7576 -1473.06 
0.0606061 -5.97643 18.9394 736.532 
0.168831 -8.1229 -21.645 1367.85 
0.233766 -5.30303 -45.9957 946.97 
0.255411 -1.18783e-14 -54.1126 4.29477e-12 
0.233766 5.30303 -45.9957 -946.97 
0.168831 8.1229 -21.645 -1367.85 
0.0606061 5.97643 18.9394 -736.532 
-0.0909091 -3.61953 75.7576 1473.06 

The basis of element 58 :
-0.0909091 3.61953 75.7576 -1473.06 
0.0606061 -5.97643 18.9394 736.532 
0.168831 -8.1229 -21.645 1367.85 
0.233766 -5.30303 -45.9957 946.97 
0.255411 -1.88645e-15 -54.1126 2.57491e-12 
0.233766 5.30303 -45.9957 -946.97 
0.168831 8.1229 -21.645 -1367.85 
0.0606061 5.97643 18.9394 -736.532 
-0.0909091 -3.61953 75.7576 1473.06 

The basis of element 59 :
-0.0909091 3.61953 75.7576 -1473.06 
0.0606061 -5.97643 18.9394 736.532 
0.168831 -8.1229 -21.645 1367.85 
0.233766 -5.30303 -45.9957 946.97 
0.255411 -9.65778e-15 -54.1126 4.20411e-12 
0.233766 5.30303 -45.9957 -946.97 
0.168831 8.1229 -21.645 -1367.85 
0.0606061 5.97643 18.9394 -736.532 
-0.0909091 -3.61953 75.7576 1473.06 

The basis of element 60 :
-0.0909091 3.61953 75.7576 -1473.06 
0.0606061 -5.97643 18.9394 736.532 
0.168831 -8.1229 -21.645 1367.85 
0.233766 -5.30303 -45.9957 946.97 
0.255411 -2.15478e-14 -54.1126 6.08442e-12 
0.233766 5.30303 -45.9957 -946.97 
0.168831 8.1229 -21.645 -1367.85 
0.0606061 5.97643 18.9394 -736.532 
-0.0909091 -3.61953 75.7576 1473.06 

The basis of element 61 :
-0.0909091 3.61953 75.7576 -1473.06 
0.0606061 -5.97643 18.9394 736.532 
0.168831 -8.1229 -21.645 1367.85 
0.233766 -5.30303 -45.9957 946.97 
0.255411 0 -54.1126 0 
0.233766 5.30303 -45.9957 -946.97 
0.168831 8.1229 -21.645 -1367.85 
0.0606061 5.97643 18.9394 -736.532 
-0.0909091 -3.61953 75.7576 1473.06 

The basis of element 62 :
-0.0909091 3.61953 75.7576 -1473.06 
0.0606061 -5.97643 18.9394 736.532 
0.168831 -8.1229 -21.645 1367.85 
0.233766 -5.30303 -45.9957 946.97 
0.255411 0 -54.1126 0 
0.233766 5.30303 -45.9957 -946.97 
0.168831 8.1229 -21.645 -1367.85 
0.0606061 5.97643 18.9394 -736.532 
-0.0909091 -3.61953 75.7576 1473.06 

The basis of element 63 :
-0.0909091 3.61953 75.7576 -1473.06 
0.0606061 -5.97643 18.9394 736.532 
0.168831 -8.1229 -21.645 1367.85 
0.233766 -5.30303 -45.9957 946.97 
0.255411 0 -54.1126 0 
0.233766 5.30303 -45.9957 -946.97 
0.168831 8.1229 -21.645 -1367.85 
0.0606061 5.97643 18.9394 -736.532 
-0.0909091 -3.61953 75.7576 1473.06 

The basis of element 64 :
-0.0909091 3.61953 75.7576 -1473.06 
0.0606061 -5.97643 18.9394 736.532 
0.168831 -8.1229 -21.645 1367.85 
0.233766 -5.30303 -45.9957 946.97 
0.255411 0 -54.1126 0 
0.233766 5.30303 -45.9957 -946.97 
0.168831 8.1229 -21.645 -1367.85 
0.0606061 5.97643 18.9394 -736.532 
-0.0909091 -3.61953 75.7576 1473.06 

The basis of element 65 :
-0.0909091 3.61953 75.7576 -1473.06 
0.0606061 -5.97643 18.9394 736.532 
0.168831 -8.1229 -21.645 1367.85 
0.233766 -5.30303 -45.9957 946.97 
0.255411 2.27334e-14 -54.1126 -6.3356e-12 
0.233766 5.30303 -45.9957 -946.97 
0.168831 8.1229 -21.645 -1367.85 
0.0606061 5.97643 18.9394 -736.532 
-0.0909091 -3.61953 75.7576 1473.06 

The basis of element 66 :
-0.0909091 3.61953 75.7576 -1473.06 
0.0606061 -5.97643 18.9394 736.532 
0.168831 -8.1229 -21.645 1367.85 
0.233766 -5.30303 -45.9957 946.97 
0.255411 1.08434e-14 -54.1126 -4.4553e-12 
0.233766 5.30303 -45.9957 -946.97 
0.168831 8.1229 -21.645 -1367.85 
0.0606061 5.97643 18.9394 -736.532 
-0.0909091 -3.61953 75.7576 1473.06 

The basis of element 67 :
-0.0909091 3.61953 75.7576 -1473.06 
0.0606061 -5.97643 18.9394 736.532 
0.168831 -8.1229 -21.645 1367.85 
0.233766 -5.30303 -45.9957 946.97 
0.255411 3.07203e-15 -54.1126 -2.8261e-12 
0.233766 5.30303 -45.9957 -946.97 
0.168831 8.1229 -21.645 -1367.85 
0.0606061 5.97643 18.9394 -736.532 
-0.0909091 -3.61953 75.7576 1473.06 

The basis of element 68 :
-0.0909091 3.61953 75.7576 -1473.06 
0.0606061 -5.97643 18.9394 736.532 
0.168831 -8.1229 -21.645 1367.85 
0.233766 -5.30303 -45.9957 946.97 
0.255411 1.30639e-14 -54.1126 -4.54595e-12 
0.233766 5.30303 -45.9957 -946.97 
0.168831 8.1229 -21.645 -1367.85 
0.0606061 5.97643 18.9394 -736.532 
-0.0909091 -3.61953 75.7576 1473.06 

The basis of element 69 :
-0.0909091 3.61953 75.7576 -1473.06 
0.0606061 -5.97643 18.9394 736.532 
0.168831 -8.1229 -21.645 1367.85 
0.233766 -5.30303 -45.9957 946.97 
0.255411 -1.18783e-14 -54.1126 4.29477e-12 
0.233766 5.30303 -45.9957 -946.97 
0.168831 8.1229 -21.645 -1367.85 
0.0606061 5.97643 18.9394 -736.532 
-0.0909091 -3.61953 75.7576 1473.06 

The basis of element 70 :
-0.0909091 3.61953 75.7576 -1473.06 
0.0606061 -5.97643 18.9394 736.532 
0.168831 -8.1229 -21.645 1367.85 
0.233766 -5.30303 -45.9957 946.97 
0.255411 -1.88645e-15 -54.1126 2.57491e-12 
0.233766 5.30303 -45.9957 -946.97 
0.168831 8.1229 -21.645 -1367.85 
0.0606061 5.97643 18.9394 -736.532 
-0.0909091 -3.61953 75.7576 1473.06 

The basis of element 71 :
-0.0909091 3.61953 75.7576 -1473.06 
0.0606061 -5.97643 18.9394 736.532 
0.168831 -8.1229 -21.645 1367.85 
0.233766 -5.30303 -45.9957 946.97 
0.255411 -9.65778e-15 -54.1126 4.20411e-12 
0.233766 5.30303 -45.9957 -946.97 
0.168831 8.1229 -21.645 -1367.85 
0.0606061 5.97643 18.9394 -736.532 
-0.0909091 -3.61953 75.7576 1473.06 

The basis of element 72 :
-0.0909091 3.61953 75.7576 -1473.06 
0.0606061 -5.97643 18.9394 736.532 
0.168831 -8.1229 -21.645 1367.85 
0.233766 -5.30303 -45.9957 946.97 
0.255411 -2.15478e-14 -54.1126 6.08442e-12 
0.233766 5.30303 -45.9957 -946.97 
0.168831 8.1229 -21.645 -1367.85 
0.0606061 5.97643 18.9394 -736.532 
-0.0909091 -3.61953 75.7576 1473.06 

The basis of element 73 :
-0.0909091 3.61953 75.7576 -1473.06 
0.0606061 -5.97643 18.9394 736.532 
0.168831 -8.1229 -21.645 1367.85 
0.233766 -5.30303 -45.9957 946.97 
0.255411 0 -54.1126 0 
0.233766 5.30303 -45.9957 -946.97 
0.168831 8.1229 -21.645 -1367.85 
0.0606061 5.97643 18.9394 -736.532 
-0.0909091 -3.61953 75.7576 1473.06 

The basis of element 74 :
-0.0909091 3.61953 75.7576 -1473.06 
0.0606061 -5.97643 18.9394 736.532 
0.168831 -8.1229 -21.645 1367.85 
0.233766 -5.30303 -45.9957 946.97 
0.255411 0 -54.1126 0 
0.233766 5.30303 -45.9957 -946.97 
0.168831 8.1229 -21.645 -1367.85 
0.0606061 5.97643 18.9394 -736.532 
-0.0909091 -3.61953 75.7576 1473.06 

The basis of element 75 :
-0.0909091 3.61953 75.7576 -1473.06 
0.0606061 -5.97643 18.9394 736.532 
0.168831 -8.1229 -21.645 1367.85 
0.233766 -5.30303 -45.9957 946.97 
0.255411 0 -54.1126 0 
0.233766 5.30303 -45.9957 -946.97 
0.168831 8.1229 -21.645 -1367.85 
0.0606061 5.97643 18.9394 -736.532 
-0.0909091 -3.61953 75.7576 1473.06 

The basis of element 76 :
-0.0909091 3.61953 75.7576 -1473.06 
0.0606061 -5.97643 18.9394 736.532 
0.168831 -8.1229 -21.645 1367.85 
0.233766 -5.30303 -45.9957 946.97 
0.255411 0 -54.1126 0 
0.233766 5.30303 -45.9957 -946.97 
0.168831 8.1229 -21.645 -1367.85 
0.0606061 5.97643 18.9394 -736.532 
-0.0909091 -3.61953 75.7576 1473.06 

The basis of element 77 :
-0.0909091 3.61953 75.7576 -1473.06 
0.0606061 -5.97643 18.9394 736.532 
0.168831 -8.1229 -21.645 1367.85 
0.233766 -5.30303 -45.9957 946.97 
0.255411 0 -54.1126 0 
0.233766 5.30303 -45.9957 -946.97 
0.168831 8.1229 -21.645 -1367.85 
0.0606061 5.97643 18.9394 -736.532 
-0.0909091 -3.61953 75.7576 1473.06 

The basis of element 78 :
-0.0909091 3.61953 75.7576 -1473.06 
0.0606061 -5.97643 18.9394 736.532 
0.168831 -8.1229 -21.645 1367.85 
0.233766 -5.30303 -45.9957 946.97 
0.255411 2.27334e-14 -54.1126 -6.3356e-12 
0.233766 5.30303 -45.9957 -946.97 
0.168831 8.1229 -21.645 -1367.85 
0.0606061 5.97643 18.9394 -736.532 
-0.0909091 -3.61953 75.7576 1473.06 

The basis of element 79 :
-0.0909091 3.61953 75.7576 -1473.06 
0.0606061 -5.97643 18.9394 736.532 
0.168831 -8.1229 -21.645 1367.85 
0.233766 -5.30303 -45.9957 946.97 
0.255411 1.08434e-14 -54.1126 -4.4553e-12 
0.233766 5.30303 -45.9957 -946.97 
0.168831 8.1229 -21.645 -1367.85 
0.0606061 5.97643 18.9394 -736.532 
-0.0909091 -3.61953 75.7576 1473.06 

The basis of element 80 :
-0.0909091 3.61953 75.7576 -1473.06 
0.0606061 -5.97643 18.9394 736.532 
0.168831 -8.1229 -21.645 1367.85 
0.233766 -5.30303 -45.9957 946.97 
0.255411 3.07203e-15 -54.1126 -2.8261e-12 
0.233766 5.30303 -45.9957 -946.97 
0.168831 8.1229 -21.645 -1367.85 
0.0606061 5.97643 18.9394 -736.532 
-0.0909091 -3.61953 75.7576 1473.06 

The basis of element 81 :
-0.0909091 3.61953 75.7576 -1473.06 
0.0606061 -5.97643 18.9394 736.532 
0.168831 -8.1229 -21.645 1367.85 
0.233766 -5.30303 -45.9957 946.97 
0.255411 1.30639e-14 -54.1126 -4.54595e-12 
0.233766 5.30303 -45.9957 -946.97 
0.168831 8.1229 -21.645 -1367.85 
0.0606061 5.97643 18.9394 -736.532 
-0.0909091 -3.61953 75.7576 1473.06 

The basis of element 82 :
-0.0909091 3.61953 75.7576 -1473.06 
0.0606061 -5.97643 18.9394 736.532 
0.168831 -8.1229 -21.645 1367.85 
0.233766 -5.30303 -45.9957 946.97 
0.255411 -1.18783e-14 -54.1126 4.29477e-12 
0.233766 5.30303 -45.9957 -946.97 
0.168831 8.1229 -21.645 -1367.85 
0.0606061 5.97643 18.9394 -736.532 
-0.0909091 -3.61953 75.7576 1473.06 

The basis of element 83 :
-0.0909091 3.61953 75.7576 -1473.06 
0.0606061 -5.97643 18.9394 736.532 
0.168831 -8.1229 -21.645 1367.85 
0.233766 -5.30303 -45.9957 946.97 
0.255411 -1.88645e-15 -54.1126 2.57491e-12 
0.233766 5.30303 -45.9957 -946.97 
0.168831 8.1229 -21.645 -1367.85 
0.0606061 5.97643 18.9394 -736.532 
-0.0909091 -3.61953 75.7576 1473.06 

The basis of element 84 :
-0.0909091 3.61953 75.7576 -1473.06 
0.0606061 -5.97643 18.9394 736.532 
0.168831 -8.1229 -21.645 1367.85 
0.233766 -5.30303 -45.9957 946.97 
0.255411 -9.65778e-15 -54.1126 4.20411e-12 
0.233766 5.30303 -45.9957 -946.97 
0.168831 8.1229 -21.645 -1367.85 
0.0606061 5.97643 18.9394 -736.532 
-0.0909091 -3.61953 75.7576 1473.06 

The basis of element 85 :
-0.0909091 3.61953 75.7576 -1473.06 
0.0606061 -5.97643 18.9394 736.532 
0.168831 -8.1229 -21.645 1367.85 
0.233766 -5.30303 -45.9957 946.97 
0.255411 -2.15478e-14 -54.1126 6.08442e-12 
0.233766 5.30303 -45.9957 -946.97 
0.168831 8.1229 -21.645 -1367.85 
0.0606061 5.97643 18.9394 -736.532 
-0.0909091 -3.61953 75.7576 1473.06 

The basis of element 86 :
-0.0909091 3.61953 75.7576 -1473.06 
0.0606061 -5.97643 18.9394 736.532 
0.168831 -8.1229 -21.645 1367.85 
0.233766 -5.30303 -45.9957 946.97 
0.255411 0 -54.1126 0 
0.233766 5.30303 -45.9957 -946.97 
0.168831 8.1229 -21.645 -1367.85 
0.0606061 5.97643 18.9394 -736.532 
-0.0909091 -3.61953 75.7576 1473.06 

The basis of element 87 :
-0.0909091 3.61953 75.7576 -1473.06 
0.0606061 -5.97643 18.9394 736.532 
0.168831 -8.1229 -21.645 1367.85 
0.233766 -5.30303 -45.9957 946.97 
0.255411 0 -54.1126 0 
0.233766 5.30303 -45.9957 -946.97 
0.168831 8.1229 -21.645 -1367.85 
0.0606061 5.97643 18.9394 -736.532 
-0.0909091 -3.61953 75.7576 1473.06 

The basis of element 88 :
-0.0909091 3.61953 75.7576 -1473.06 
0.0606061 -5.97643 18.9394 736.532 
0.168831 -8.1229 -21.645 1367.85 
0.233766 -5.30303 -45.9957 946.97 
0.255411 0 -54.1126 0 
0.233766 5.30303 -45.9957 -946.97 
0.168831 8.1229 -21.645 -1367.85 
0.0606061 5.97643 18.9394 -736.532 
-0.0909091 -3.61953 75.7576 1473.06 

The basis of element 89 :
-0.0909091 3.61953 75.7576 -1473.06 
0.0606061 -5.97643 18.9394 736.532 
0.168831 -8.1229 -21.645 1367.85 
0.233766 -5.30303 -45.9957 946.97 
0.255411 0 -54.1126 0 
0.233766 5.30303 -45.9957 -946.97 
0.168831 8.1229 -21.645 -1367.85 
0.0606061 5.97643 18.9394 -736.532 
-0.0909091 -3.61953 75.7576 1473.06 

The basis of element 90 :
-0.0909091 3.61953 75.7576 -1473.06 
0.0606061 -5.97643 18.9394 736.532 
0.168831 -8.1229 -21.645 1367.85 
0.233766 -5.30303 -45.9957 946.97 
0.255411 2.27334e-14 -54.1126 -6.3356e-12 
0.233766 5.30303 -45.9957 -946.97 
0.168831 8.1229 -21.645 -1367.85 
0.0606061 5.97643 18.9394 -736.532 
-0.0909091 -3.61953 75.7576 1473.06 

The basis of element 91 :
-0.0909091 3.61953 75.7576 -1473.06 
0.0606061 -5.97643 18.9394 736.532 
0.168831 -8.1229 -21.645 1367.85 
0.233766 -5.30303 -45.9957 946.97 
0.255411 1.08434e-14 -54.1126 -4.4553e-12 
0.233766 5.30303 -45.9957 -946.97 
0.168831 8.1229 -21.645 -1367.85 
0.0606061 5.97643 18.9394 -736.532 
-0.0909091 -3.61953 75.7576 1473.06 

The basis of element 92 :
-0.0909091 3.61953 75.7576 -1473.06 
0.0606061 -5.97643 18.9394 736.532 
0.168831 -8.1229 -21.645 1367.85 
0.233766 -5.30303 -45.9957 946.97 
0.255411 3.07203e-15 -54.1126 -2.8261e-12 
0.233766 5.30303 -45.9957 -946.97 
0.168831 8.1229 -21.645 -1367.85 
0.0606061 5.97643 18.9394 -736.532 
-0.0909091 -3.61953 75.7576 1473.06 

The basis of element 93 :
-0.0909091 3.61953 75.7576 -1473.06 
0.0606061 -5.97643 18.9394 736.532 
0.168831 -8.1229 -21.645 1367.85 
0.233766 -5.30303 -45.9957 946.97 
0.255411 1.30639e-14 -54.1126 -4.54595e-12 
0.233766 5.30303 -45.9957 -946.97 
0.168831 8.1229 -21.645 -1367.85 
0.0606061 5.97643 18.9394 -736.532 
-0.0909091 -3.61953 75.7576 1473.06 

The basis of element 94 :
-0.0909091 3.61953 75.7576 -1473.06 
0.0606061 -5.97643 18.9394 736.532 
0.168831 -8.1229 -21.645 1367.85 
0.233766 -5.30303 -45.9957 946.97 
0.255411 -1.18783e-14 -54.1126 4.29477e-12 
0.233766 5.30303 -45.9957 -946.97 
0.168831 8.1229 -21.645 -1367.85 
0.0606061 5.97643 18.9394 -736.532 
-0.0909091 -3.61953 75.7576 1473.06 

The basis of element 95 :
-0.0909091 3.61953 75.7576 -1473.06 
0.0606061 -5.97643 18.9394 736.532 
0.168831 -8.1229 -21.645 1367.85 
0.233766 -5.30303 -45.9957 946.97 
0.255411 -1.88645e-15 -54.1126 2.57491e-12 
0.233766 5.30303 -45.9957 -946.97 
0.168831 8.1229 -21.645 -1367.85 
0.0606061 5.97643 18.9394 -736.532 
-0.0909091 -3.61953 75.7576 1473.06 

The basis of element 96 :
-0.0454545 5.42929 37.8788 -2209.6 
0.00865801 -8.04473 62.2294 1578.28 
0.116883 -10.1912 21.645 2209.6 
0.233766 -5.30303 -45.9957 946.97 
0.313853 2.32684 -102.814 -946.97 
0.311688 8.40548 -110.931 -2209.6 
0.181818 8.63997 -32.4675 -1578.28 
-0.121212 -1.26263 170.455 2209.6 

The basis of element 97 :
0.0238095 6.15079 -59.5238 -3472.22 
-0.0952381 -9.12698 208.333 3472.22 
0.047619 -10.9127 119.048 3472.22 
0.285714 -4.7619 -119.048 1.4893e-11 
0.452381 3.76984 -297.619 -3472.22 
0.380952 9.12698 -208.333 -3472.22 
-0.0952381 5.75397 357.143 3472.22 

The basis of element 98 :
0.0873016 2.31481 -297.619 -5787.04 
-0.222222 -1.45503 684.524 8101.85 
0.015873 -8.99471 238.095 4629.63 
0.412698 -12.4339 -595.238 -4629.63 
0.579365 -3.90212 -773.81 -8101.85 
0.126984 24.4709 744.048 5787.04 

The basis of element 99 :
-0.0142857 -17.2619 -892.857 -10416.7 
0.0571429 52.381 2321.43 20833.3 
-0.0857143 -28.5714 -357.143 1.74623e-10 
0.0571429 -80.9524 -2678.57 -20833.3 
0.985714 74.4048 1607.14 10416.7 

